Best Parameters: [0.86819907]
Objective Value: 96806733.17500049
Iterations: 1
Convergence Message: Optimization terminated successfully.
Economics: Evaluation: 96803655.92790684
Purity: 0.9484754944215801
Recovery: 0.11232780167979826
TAC_CC: 19729031.859267794
Capex_tot: 59990685.203739166
Opex_tot: 16729497.599080835
Variable_Opex: 13749878.02441955
Fixed_Opex: 2979619.574661284
TAC_Cryo: 0.0
Direct_CO2_emission: 722512.3381587241
Indirect_CO2_emission: 46709.39694924647
C_compressor: 43741514.77960702
C_cooler: 6436234.377621456
C_membrane: 10246424.883717593
C_expander: 12698611.985701818
O_compressor: 13922948.131340409
O_cooler: 947691.7223150283
O_membrane: 2561606.220929398
O_expander: -3564871.9376334613
O_heater: -117496.11253182226
Penalty_purity: 152450.5578419877
Penalty_CO2_emission: 76922173.51079707
