Best Parameters: [0.9969139  5.41598182 7.87268583 2.3125604  9.99846489]
Objective Value: 64547004.18400642
Iterations: 41
Convergence Message: Optimization terminated successfully.
Economics: Evaluation: 64585868.723000176
Purity: 0.8936819341617036
Recovery: 0.782033169671647
TAC_CC: 32490392.979849137
Capex_tot: 84954611.44602749
Opex_tot: 28242662.40754776
Variable_Opex: 24672296.482288968
Fixed_Opex: 3570365.9252587943
TAC_Cryo: 0.0
Direct_CO2_emission: 177412.02723212534
Indirect_CO2_emission: 87224.66436108874
C_compressor: 73860882.71051928
C_cooler: 8498769.884237735
C_membrane: 9169333.63854266
C_expander: 12022387.678290233
O_compressor: 23009754.185022626
O_cooler: 3039903.254693505
O_membrane: 2292333.409635665
O_expander: -3667185.485101802
O_heater: -2508.881961025027
Penalty_purity: 5631806.583829635
Penalty_CO2_emission: 26463669.159321405
